sample.id;depth;age;Pinus;Picea;Betula;Alnus;Juniperus;Salix;Ericaceae;Poaceae;Artemisia;Cyperaceae;Sphagnum
1;0.5;-34;63.94422311;11.75298805;21.51394422;1.195219124;0.398406375;0;0.597609562;0.398406375;0;0.199203187;0.198807157
2;1;-3;61.70212766;12.57253385;23.21083172;1.160541586;0.386847195;0;0.386847195;0.386847195;0;0;3.001876173
3;1.5;28;64.27184466;8.155339806;22.52427184;1.941747573;0.776699029;0;0.388349515;1.165048544;0.194174757;0.194174757;0.770712909
4;2;59;65.76923077;5.384615385;24.80769231;1.346153846;0.384615385;0;0.384615385;0.769230769;0.192307692;0.769230769;1.515151515
5;2.5;89.5;62.30769231;7.692307692;26.15384615;0.961538462;0;0;1.153846154;0.769230769;0;0.961538462;0.383141762
6;3;120;64.63654224;3.929273084;27.50491159;0.589390963;0.196463654;0;0.589390963;1.571709234;0.196463654;0.392927308;0.779727096
7;3.5;151;58.34896811;7.504690432;28.51782364;1.500938086;0.375234522;0.375234522;0.938086304;1.688555347;0.187617261;0.375234522;1.296296296
8;4;182;61.59844055;5.847953216;30.40935673;0.584795322;0;0;0;1.364522417;0;0;0.388349515
9;4.5;212;57.2265625;5.46875;33.0078125;1.171875;0.390625;0;1.171875;0.390625;0.5859375;0.390625;1.348747592
10;5;242;63.81322957;6.614785992;26.07003891;1.361867704;0.194552529;0;0.389105058;0.972762646;0.194552529;0.389105058;2.281368821
11;5.5;273;63.32046332;6.756756757;26.64092664;1.351351351;0.386100386;0;0.193050193;0.965250965;0;0.386100386;0.384615385
12;6;303.5;57.52895753;9.652509653;30.30888031;0.579150579;0;0;0.193050193;0.965250965;0.386100386;0.193050193;1.707779886
13;6.5;332.5;59.96204934;11.19544592;25.99620493;0.948766603;0.189753321;0;0;1.138519924;0;0.569259962;0.753295669
14;7;362;57.05996132;7.930367505;31.33462282;0.967117988;0.386847195;0;0.580270793;0.580270793;0;0.773694391;1.335877863
15;7.5;393;53.73134328;6.71641791;33.95522388;1.679104478;0.373134328;0;0;1.305970149;0.186567164;0.186567164;2.010968921
16;8;423;54.19847328;5.152671756;35.11450382;2.099236641;0.763358779;0;0.763358779;1.145038168;0;0.190839695;1.132075472
17;8.5;453.5;61.22047244;2.952755906;31.1023622;1.181102362;0.393700787;0;0.393700787;0.787401575;0;0.196850394;2.681992337
18;9;482.5;51.19047619;4.761904762;38.49206349;0.992063492;1.388888889;0.198412698;0.595238095;0.992063492;0.198412698;0.595238095;1.754385965
19;9.5;512;57.00757576;10.03787879;27.27272727;2.462121212;0.757575758;0;0.568181818;0.568181818;0;1.325757576;1.492537313
20;10;542;54.49330784;8.604206501;32.6959847;1.7208413;0.573613767;0;0.191204589;0.382409178;0.191204589;1.147227533;2.60707635
21;10.5;573;53.25670498;11.68582375;32.18390805;0.957854406;0.191570881;0;0;1.149425287;0.191570881;0.191570881;2.063789869
22;11;603.5;59.31558935;12.54752852;24.33460076;1.140684411;0.380228137;0;0.760456274;0.760456274;0;0.760456274;1.865671642
23;11.5;633;54.91651206;14.47124304;26.716141;1.669758813;0.371057514;0;0.927643785;0;0.556586271;0.371057514;2
24;12;662;54.08921933;15.24163569;28.62453532;0.92936803;0;0;0.371747212;0.185873606;0.185873606;0.371747212;1.102941176
25;12.5;691;53.98058252;6.213592233;33.39805825;1.359223301;0;0;1.941747573;2.330097087;0;0.194174757;1.717557252
26;13;722;59.40594059;3.366336634;34.65346535;0.792079208;0;0;0.594059406;0.198019802;0.198019802;0.198019802;1.559454191
27;13.5;754;55.3816047;3.522504892;35.81213307;1.369863014;0.195694716;0.195694716;0.391389432;0.782778865;0;1.761252446;0.776699029
28;14;782.5;58.01980198;5.544554455;30.2970297;0.594059406;1.188118812;0;0;2.772277228;0.198019802;0.396039604;1.750972763
29;14.5;814;56.01503759;13.72180451;26.12781955;1.127819549;0.37593985;0;1.315789474;0.187969925;0.187969925;0.939849624;1.84501845
30;15;855;53.34572491;10.78066914;30.29739777;0.743494424;0.557620818;0;2.230483271;0.557620818;0.185873606;0.92936803;2.359346642
31;15.5;909;56;14.66666667;24;1.333333333;0.761904762;0;1.333333333;0.761904762;0.571428571;0.380952381;1.869158879
32;16;963;52.83018868;13.96226415;28.86792453;1.886792453;0;0;0.754716981;0.377358491;0.188679245;1.132075472;1.669758813
33;16.5;1016.5;64;9.714285714;24;0.380952381;0.19047619;0;0.952380952;0.571428571;0;0.19047619;3.846153846
34;17;1065;62.47619048;11.42857143;21.9047619;0.761904762;0.571428571;0;1.523809524;0.19047619;0.380952381;0.761904762;1.685393258
35;17.5;1116.5;55.40796964;14.80075901;26.18595825;0.948766603;0.569259962;0;0.759013283;0.569259962;0.189753321;0.569259962;1.495327103
36;18;1168;60.48237477;17.99628942;18.36734694;0.371057514;0;0;0.927643785;0.371057514;0.185528757;1.298701299;2.882882883
37;18.5;1217;60.60037523;13.8836773;22.13883677;1.125703565;0;0;0.750469043;0.375234522;0;0.938086304;0.559701493
38;19;1268;56.84803002;12.57035647;25.70356473;0.938086304;0.375234522;0;1.313320826;0.938086304;0.187617261;0.562851782;1.660516605
39;19.5;1320.5;60.49149338;14.5557656;21.55009452;0.56710775;0;0;0.56710775;0.378071834;0.189035917;1.701323251;1.305970149
40;20;1374;58.79017013;15.31190926;22.11720227;1.323251418;0.378071834;0;0.756143667;0.56710775;0;0.56710775;1.305970149
41;20.5;1427;59.62264151;13.77358491;23.77358491;0.566037736;0.188679245;0;0.566037736;0.754716981;0.188679245;0.566037736;0.562851782
42;21;1477;54.69924812;15.03759398;26.87969925;0.939849624;0;0;1.127819549;0.563909774;0.187969925;0.563909774;2.025782689
43;21.5;1528;56.22641509;16.98113208;22.64150943;1.320754717;0;0;1.509433962;0.566037736;0;0.566037736;2.21402214
44;22;1580;57.2778828;14.36672968;24.57466919;1.323251418;0;0;1.134215501;0.56710775;0;0.378071834;1.489757914
45;22.5;1633;58.33333333;15.74074074;21.85185185;1.296296296;0.555555556;0;1.296296296;0.185185185;0.185185185;0.37037037;2.350813743
46;23;1684;57.95246801;17.00182815;21.20658135;1.279707495;0;0;1.462522852;0.548446069;0;0.548446069;1.441441441
47;23.5;1734.5;54.04411765;18.19852941;24.63235294;0.735294118;0.367647059;0;0.367647059;0.183823529;0;1.102941176;1.090909091
48;24;1785.5;57.89473684;14.84962406;24.81203008;1.315789474;0.187969925;0;0.37593985;0.37593985;0;0.187969925;1.115241636
49;24.5;1835;53.14183124;16.15798923;25.13464991;2.333931777;0.359066427;0;1.615798923;0.718132855;0;0.538599641;1.241134752
50;25;1889;54.59558824;21.69117647;19.66911765;1.838235294;0.367647059;0;1.102941176;0.183823529;0;0.551470588;0.910746812
51;25.5;1943;55.10204082;17.62523191;23.56215213;0.927643785;0;0;0.927643785;0.742115028;0.185528757;0.742115028;1.821493625
52;26;1981;54.89833641;21.44177449;20.70240296;0.924214418;0;0;0.554528651;0.739371534;0;0.554528651;1.277372263
53;26.5;2008;60.14625229;14.44241316;21.20658135;1.096892139;0.182815356;0;0.731261426;0.365630713;0.182815356;0.914076782;2.146690519
54;27;2034;54.18250951;16.34980989;27.75665399;0.760456274;0;0;0.190114068;0.380228137;0;0.190114068;1.682242991
55;27.5;2061;53.93258427;21.16104869;22.65917603;0.74906367;0;0;0.936329588;0.187265918;0;0.187265918;2.909090909
56;28;2086;61.20527307;18.45574388;18.07909605;0.753295669;0;0;0.188323917;0.376647834;0;0.753295669;1.117318436
57;28.5;2112.5;51.54826958;19.48998179;25.31876138;0.910746812;0;0;0.546448087;1.275045537;0.182149362;0.72859745;0.902527076
58;29;2137;49.63099631;22.1402214;24.1697417;1.47601476;0.36900369;0;0.553505535;0.73800738;0;0.922509225;1.275045537
59;29.5;2165;51.01289134;21.1786372;23.75690608;1.289134438;0.184162063;0;1.473296501;0.552486188;0;0.552486188;1.451905626
60;30;2191;51.96998124;19.51219512;25.70356473;0.750469043;0.187617261;0;0.938086304;0;0.375234522;0.375234522;2.737226277
61;30.5;2217;51.69172932;16.54135338;27.44360902;1.691729323;0.187969925;0;1.315789474;0.563909774;0;0.563909774;3.096539162
62;31;2243.5;54.77941176;15.80882353;26.28676471;1.102941176;0;0;0.919117647;0.735294118;0;0.367647059;2.683363148
63;31.5;2273;54.98154982;17.34317343;24.53874539;1.660516605;0;0;0.36900369;0.36900369;0;0.73800738;3.90070922
64;36.5;2529;52.71028037;14.76635514;27.6635514;1.308411215;0.186915888;0;1.682242991;0.560747664;0;0.747663551;2.372262774
65;37;2557.5;56.71077505;12.85444234;26.27599244;1.512287335;0;0;1.134215501;0.756143667;0.189035917;0.378071834;2.218114603
66;37.5;2585;57.24907063;13.01115242;27.69516729;0.557620818;0;0;0.557620818;0.185873606;0;0.557620818;2.536231884
67;38;2611.5;49.20634921;21.03174603;26.38888889;0.595238095;0.396825397;0;0.595238095;0.595238095;0.396825397;0.595238095;2.325581395
68;38.5;2639;48.28244275;17.9389313;29.77099237;1.335877863;0.190839695;0;0.763358779;1.145038168;0;0.381679389;2.23880597
69;39;2666;50.69582505;19.08548708;26.64015905;1.391650099;0.198807157;0;0.596421471;0;0.397614314;0.596421471;1.37254902
70;39.5;2693;51.08910891;20.1980198;25.34653465;0.594059406;0;0;0.792079208;0.594059406;0.198019802;0.99009901;1.750972763
71;40;2719;52.39043825;14.94023904;29.08366534;0.597609562;0.398406375;0;1.593625498;0.398406375;0.199203187;0.398406375;1.181102362
72;40.5;2742;51.09343936;16.89860835;28.82703777;0.994035785;0;0.198807157;0.397614314;0.795228628;0;0.795228628;1.949317739
73;41;2767.5;59.48103792;13.97205589;22.55489022;1.596806387;0.399201597;0;0.798403194;0.199600798;0;0.399201597;3.653846154
74;41.5;2792;57.4;11.2;27.8;1;0.8;0.4;0.2;0.8;0;0;3.66088632
75;42;2820;65.26946108;10.37924152;21.35728543;0.399201597;0.199600798;0.399201597;0.598802395;0.399201597;0.199600798;0.199600798;2.529182879
76;42.5;2847;57.98816568;16.96252465;21.69625247;1.183431953;0.591715976;0;0.197238659;0.591715976;0.394477318;0.394477318;1.934235977
77;43;2875.5;57;11.6;28.4;0.6;0.4;0;0.8;0.8;0.2;0;3.100775194
78;43.5;2902.5;58.13492063;12.1031746;27.38095238;0.595238095;0.198412698;0.198412698;0.198412698;0.198412698;0;0.793650794;3.632887189
79;44;2928.5;56.48702595;14.97005988;25.5489022;0.598802395;0.598802395;0;0.598802395;0.798403194;0;0.199600798;1.377952756
80;44.5;2953.5;52.08747515;14.11530815;29.42345924;0.994035785;0.994035785;0;0.596421471;0.795228628;0;0.596421471;2.519379845
81;45;2981;59.3625498;12.35059761;25.69721116;1.195219124;0;0;0.199203187;0.398406375;0;0.398406375;2.33463035
82;45.5;3008.5;61.67664671;11.9760479;23.95209581;0.399201597;0;0;1.397205589;0.399201597;0;0.199600798;1.956947162
83;46;3036.5;55.68862275;13.77245509;26.54690619;2.195608782;0.199600798;0;0.598802395;0.598802395;0;0.199600798;1.956947162
84;46.5;3063.5;56.8627451;11.76470588;28.82352941;0.784313725;0;0;0.784313725;0;0;0.784313725;1.162790698
85;47;3090.5;54.56349206;13.49206349;28.37301587;1.19047619;0;0.198412698;0.396825397;0.396825397;0;0.793650794;1.945525292
86;47.5;3116;55.26838966;15.70576541;25.64612326;0.596421471;0.596421471;0;0.397614314;0.994035785;0;0.596421471;2.707930368
87;48;3141;54.6;12.2;30.8;0.8;0.6;0;0.8;0.2;0;0;1.380670611
88;48.5;3166;59.28143713;15.36926148;22.35528942;0.598802395;0.199600798;0;0.998003992;0.399201597;0;0.199600798;2.529182879
89;49;3193;54.18326693;14.14342629;29.08366534;0.796812749;0.398406375;0;0.398406375;0.597609562;0;0.398406375;3.461538462
90;49.5;3219;54.15019763;15.61264822;27.66798419;1.581027668;0.197628458;0;0;0.395256917;0;0;0.393700787
91;50;3250;55.35714286;13.69047619;26.19047619;0.992063492;0.396825397;0.198412698;1.587301587;0.595238095;0;0.396825397;2.325581395
92;50.5;3284;58.05168986;12.52485089;26.44135189;0.596421471;0.795228628;0.198807157;0.596421471;0;0;0.596421471;3.082851638
93;51;3320;49.30693069;15.64356436;30.4950495;1.584158416;0.594059406;0.396039604;0.792079208;1.188118812;0;0;1.174168297
94;51.5;3360;53.2;13.4;31.4;1.2;0.4;0;0.4;0;0;0;1.768172888
95;52;3394.5;57.88423154;13.37325349;27.34530938;0.598802395;0.199600798;0;0;0.199600798;0;0.199600798;1.571709234
96;52.5;3425;60.2;12.6;26;0.8;0.2;0;0;0.2;0;0;1.57480315
97;53;3457;60.38461538;11.92307692;23.84615385;0.961538462;0.576923077;0.192307692;0.769230769;0.384615385;0;0.576923077;1.701323251
98;53.5;3489;59.28143713;9.780439122;26.74650699;1.796407186;0.199600798;0;1.596806387;0.199600798;0.199600798;0.199600798;0.792079208
99;54;3521;64.07185629;9.98003992;23.55289421;0.798403194;0.399201597;0;0.598802395;0.399201597;0;0.199600798;0.595238095
100;54.5;3553;57.42574257;12.07920792;26.93069307;0.792079208;0;0;0.99009901;0;0.198019802;0.99009901;1.174168297
101;56;3647;57.36738703;8.447937132;29.66601179;1.178781925;0.589390963;0;0.589390963;0.392927308;0.785854617;0.982318271;1.356589147
102;56.5;3680;55.28942116;8.183632735;33.93213573;1.596806387;0;0;0;0.399201597;0.199600798;0.199600798;0.595238095
103;57;3712;54.29141717;10.17964072;33.13373253;0.598802395;0.199600798;0;0.998003992;0.199600798;0.199600798;0.199600798;0.792079208
104;57.5;3742.5;54.96031746;9.325396825;30.75396825;2.182539683;0.595238095;0;0.396825397;0.595238095;0;0.793650794;1.945525292
105;58;3774;60.11904762;9.126984127;27.38095238;1.587301587;0;0;0.396825397;0.396825397;0;0.793650794;0.787401575
106;58.5;3804;61.61417323;12.00787402;22.83464567;0.787401575;0.393700787;0;0.787401575;0.590551181;0.196850394;0.590551181;1.167315175
107;59;3837;62.57425743;9.900990099;23.16831683;0.99009901;0.594059406;0;0.99009901;0.198019802;0.198019802;0.99009901;1.559454191
108;59.5;3867.5;59.52380952;6.349206349;29.16666667;1.984126984;0;0;1.19047619;0.595238095;0;0.793650794;1.176470588
109;60;3900;54.2;9.6;33.4;1;0.2;0;0.6;0;0;0.4;1.768172888
110;60.5;3930.5;60.27944112;9.181636727;26.54690619;2.195608782;0.199600798;0;0.798403194;0.199600798;0;0.199600798;1.571709234
111;61;3964;55.859375;8.7890625;31.4453125;1.953125;0;0.1953125;0.78125;0.5859375;0;0.390625;0.775193798
112;61.5;3993.5;51.57480315;9.05511811;35.82677165;1.968503937;0;0;0.393700787;0.787401575;0;0.393700787;1.167315175
113;62;4024;54.2;11;30.2;2.8;0;0.6;0.8;0.2;0;0;1.768172888
114;62.5;4055;58.90410959;8.806262231;28.57142857;2.544031311;0.195694716;0;0.391389432;0.195694716;0.195694716;0.195694716;0.968992248
115;63;4090;49.70238095;10.01984127;35.11904762;3.571428571;0;0;0.198412698;0.198412698;0.198412698;0.793650794;0.982318271
116;63.5;4120;52.9296875;9.375;32.03125;1.7578125;0.390625;0.390625;1.3671875;0.5859375;0;0.5859375;0.194931774
117;64;4151;51.57480315;8.464566929;35.03937008;2.362204724;0;0.196850394;0.984251969;0.393700787;0;0.590551181;0.587084149
118;64.5;4183;54.89021956;8.78243513;32.73453094;1.796407186;0.399201597;0;0.798403194;0;0;0.199600798;0.792079208
119;65;4213;58.46456693;8.858267717;31.1023622;1.181102362;0;0;0;0;0.393700787;0;0.392156863
120;65.5;4245;59.60784314;9.411764706;26.47058824;1.764705882;0.588235294;0;0.392156863;0.196078431;0;0.588235294;0.584795322
121;66;4277;56.57370518;8.565737052;31.07569721;2.19123506;0.199203187;0;0.398406375;0.398406375;0;0.398406375;1.181102362
122;66.5;4306;56.74603175;8.333333333;30.95238095;1.984126984;0;0;0.992063492;0.198412698;0;0.396825397;0.591715976
123;67;4333;59.08183633;8.383233533;30.53892216;0.598802395;0;0;0.199600798;0.199600798;0.199600798;0.199600798;0.199203187
124;67.5;4366;61.30952381;8.134920635;26.78571429;1.984126984;0.396825397;0;0.396825397;0.198412698;0;0.198412698;0.395256917
125;68;4396;53.58565737;9.362549801;33.66533865;1.792828685;0;0;0.597609562;0;0;0.597609562;0.198807157
126;68.5;4426;60.3960396;7.722772277;27.52475248;2.574257426;0.198019802;0;0.396039604;0.198019802;0.198019802;0.396039604;0.590551181
127;69;4456;58.97435897;8.08678501;29.58579882;1.775147929;0;0;0.197238659;0.197238659;0.394477318;0.788954635;0.392927308
128;69.5;4505;59.17159763;7.495069034;30.17751479;1.972386588;0.394477318;0;0.197238659;0.197238659;0;0.394477318;1.361867704
129;70;4553;55.27888446;9.262948207;30.27888446;2.988047809;0;0;0.796812749;0.796812749;0;0.199203187;1.181102362
130;70.5;4591;63.74501992;5.976095618;27.68924303;1.593625498;0;0;0.199203187;0.199203187;0;0;0.396825397
131;71;4623;58.88223553;5.588822355;32.33532934;1.796407186;0;0.199600798;0.399201597;0;0;0.199600798;1.183431953
132;71.5;4659;57.67716535;5.31496063;31.88976378;1.771653543;0.787401575;0;0.787401575;0.590551181;0;0.590551181;0.587084149
133;72;4692;62.74900398;4.38247012;29.08366534;2.390438247;0.398406375;0;0.398406375;0.199203187;0;0.199203187;1.181102362
134;72.5;4727;63.92156863;3.529411765;30.19607843;1.37254902;0.196078431;0;0.196078431;0;0.196078431;0;0.970873786
135;73;4763;59.32539683;2.182539683;32.53968254;3.76984127;0.198412698;0.198412698;0.396825397;0.793650794;0.198412698;0.198412698;0.591715976
136;73.5;4796;61.82170543;2.325581395;31.78294574;1.356589147;0.19379845;0.19379845;0.775193798;0.387596899;0.19379845;0.387596899;1.149425287
137;74;4827.5;59.76789168;1.353965184;34.42940039;2.51450677;0.386847195;0;0.773694391;0.580270793;0;0.193423598;1.523809524
138;74.5;4861;63.99217221;1.56555773;31.89823875;1.56555773;0;0;0.391389432;0.391389432;0;0.195694716;0.776699029
139;75;4895;59.44333996;0.397614314;37.17693837;1.391650099;0;0;0.397614314;0.198807157;0.198807157;0.596421471;1.56555773
140;75.5;4930;62.75992439;0.378071834;34.21550095;1.134215501;0.378071834;0;0;0.189035917;0;0.56710775;0.750469043
141;76;4964;61.4;0.8;33;2.6;0;0;1.2;0.2;0.2;0;0.793650794
142;76.5;4998;61.78217822;0.198019802;34.25742574;1.98019802;0.198019802;0.198019802;0.396039604;0.396039604;0;0.396039604;0.590551181
143;77;5030;63.6;0.2;32.8;1.4;0.4;0.2;0.4;0.4;0;0;0.793650794
144;77.5;5064;59.2445328;0.198807157;38.17097416;1.590457256;0;0;0.198807157;0.198807157;0;0.198807157;0.984251969
145;78;5097.5;57.96812749;0;38.24701195;1.992031873;0.398406375;0.199203187;0.398406375;0.199203187;0;0.398406375;0.790513834
146;78.5;5128;63.83399209;0.197628458;32.80632411;1.185770751;0.395256917;0;0.592885375;0.395256917;0;0;0.784313725
147;79;5164.5;57;0;39.6;2.2;0.4;0;0;0.6;0.2;0;0.398406375
148;79.5;5196;67.18446602;0;31.45631068;1.165048544;0;0;0;0.194174757;0;0;0.579150579
149;80;5231;58.08383234;0;36.9261477;2.794411178;0.199600798;0;1.19760479;0.399201597;0;0.199600798;0.595238095
150;80.5;5264;60.82677165;0.393700787;35.62992126;2.362204724;0;0;0.393700787;0;0;0.393700787;0.587084149
151;81;5296.5;59.16334661;0.597609562;35.65737052;2.988047809;0;0;0.398406375;0.597609562;0;0.398406375;0.198807157
152;81.5;5329;66.33663366;0;30.4950495;1.98019802;0.396039604;0;0.594059406;0;0;0.198019802;0.197628458
153;82;5361.5;62;0.6;33.2;2.4;0;0;0.2;0.2;0.2;0.4;0.398406375
154;82.5;5394;64.01590457;0;33.20079523;2.186878728;0;0.198807157;0.198807157;0;0;0;0.788954635
155;83;5427;62;0;32.4;4.2;0.2;0;0.4;0.6;0;0;0.99009901
156;83.5;5462.5;65.81532417;0;30.64833006;1.964636542;0.196463654;0;0.589390963;0;0;0.196463654;0.972762646
157;84;5497;60.21699819;0;33.45388788;3.797468354;0.361663653;0;0.542495479;0.180831826;0;0.542495479;0.539568345
158;84.5;5532;66.40316206;0;30.63241107;2.173913043;0.395256917;0;0;0.395256917;0;0;0.197238659
159;85;5564;67.72908367;0;28.28685259;2.788844622;0;0;0.398406375;0.597609562;0;0.199203187;0.396825397
160;85.5;5598;63.81322957;0;33.46303502;1.556420233;0.194552529;0;0.194552529;0;0.194552529;0.194552529;0.963391137
161;86;5633;65.89147287;0;29.06976744;3.100775194;0.387596899;0.19379845;0.387596899;0.387596899;0;0.581395349;0.959692898
162;86.5;5665;64.62450593;0;33.00395257;1.581027668;0;0;0.395256917;0.197628458;0;0.197628458;0.393700787
163;87;5697;67.4;0.2;29.6;2.2;0.2;0;0;0.4;0;0;1.185770751
164;87.5;5732;66.13545817;0;31.87250996;1.792828685;0.199203187;0;0;0;0;0;0.790513834
165;88;5767;60.23856859;0;32.80318091;4.373757455;0.198807157;0.397614314;0.397614314;0.198807157;0;0.596421471;0.788954635
166;88.5;5803;63.81709742;0;33.99602386;1.391650099;0;0;0;0.198807157;0;0.198807157;0.198412698
167;89;5838;59.28143713;0.199600798;37.3253493;2.594810379;0;0;0.399201597;0;0;0.199600798;0.988142292
168;90;5912;57.7689243;0;38.84462151;2.19123506;0;0;0.398406375;0.199203187;0;0.398406375;0.198807157
169;91;5986.5;56.37450199;0;40.6374502;1.992031873;0.199203187;0;0.199203187;0.199203187;0;0.199203187;0.594059406
170;91.5;6026;60.7495069;0;36.29191321;2.366863905;0;0;0.197238659;0;0.197238659;0;0.196850394
171;92;6065.5;56.2745098;0;39.21568627;3.725490196;0.196078431;0;0.196078431;0.196078431;0;0.196078431;0.195694716
172;92.5;6105.5;60.7495069;0;36.29191321;2.169625247;0.197238659;0;0.197238659;0.197238659;0;0;0.392927308
173;93;6142.5;60;0;35;3.6;0.2;0;0.4;0.2;0;0;0
174;93.5;6179;60;0;36.8627451;2.549019608;0;0;0.196078431;0.196078431;0;0;0.195694716
175;94;6215;59.96015936;0.199203187;33.26693227;4.980079681;0.398406375;0;0.199203187;0.199203187;0.199203187;0.398406375;0.594059406
176;94.5;6252.5;64.96062992;0;31.69291339;2.165354331;0;0;0.393700787;0.196850394;0;0.393700787;0.392156863
177;95;6288.5;65.8;0;30.8;2.4;0.4;0;0.4;0;0;0.2;0.596421471
178;95.5;6326.5;61.06719368;0;35.96837945;1.976284585;0.395256917;0;0;0.197628458;0.197628458;0;0.393700787
179;96;6363;56.1752988;0.199203187;37.4501992;4.183266932;0.199203187;0;0.597609562;0.597609562;0;0.398406375;0.396825397
180;96.5;6398;59.12698413;0;35.71428571;4.365079365;0.396825397;0;0;0;0;0.198412698;0.982318271
181;97;6433;56.77290837;0.199203187;38.04780876;3.386454183;0.398406375;0;0.199203187;0.199203187;0.199203187;0.398406375;0.594059406
182;97.5;6468;58.08966862;0;37.42690058;3.703703704;0.389863548;0;0.194931774;0;0;0.194931774;0.581395349
183;98;6503.5;59.76095618;0;35.65737052;3.784860558;0;0;0.398406375;0.199203187;0;0;0.790513834
184;98.5;6541;63.61829026;0;32.4055666;3.37972167;0;0;0.198807157;0.198807157;0;0.198807157;1.178781925
185;99;6578;62.5498008;0.199203187;31.2749004;3.784860558;0.398406375;0;0.398406375;0.796812749;0;0.398406375;0.594059406
186;99.5;6615;60.4743083;0.197628458;35.96837945;2.766798419;0.197628458;0;0.197628458;0;0;0.197628458;0.589390963
187;100;6649;64.07185629;0;31.73652695;3.193612774;0;0;0.199600798;0.399201597;0;0.199600798;0.595238095
188;100.5;6684;62.57309942;0;34.69785575;2.339181287;0;0;0;0.194931774;0;0.194931774;0.388349515
189;101;6723.5;58.96414343;0;36.05577689;3.386454183;0.398406375;0;0.597609562;0.199203187;0;0.398406375;0.396825397
190;101.5;6759.5;61.85770751;0;34.98023715;2.56916996;0.197628458;0;0.197628458;0;0;0.197628458;0.589390963
191;102;6795;61.77606178;0;31.66023166;4.44015444;0.193050193;0;0;0.386100386;0.193050193;0.579150579;0.384615385
192;102.5;6829;61.81102362;0;34.84251969;2.362204724;0;0;0;0.196850394;0;0.196850394;0.392156863
193;103;6867;59.2;0;37;3.2;0.2;0;0;0.4;0;0;0.199600798
194;103.5;6902.5;61.1969112;0;36.67953668;1.930501931;0;0;0;0.193050193;0;0;0.575815739
195;104;6939;60.8;0;34;3.8;0.6;0;0;0.4;0;0;0.596421471
196;104.5;6976.5;60.91269841;0;34.72222222;3.373015873;0.198412698;0;0;0.198412698;0;0;0.591715976
197;105;7013.5;65.86826347;0;29.54091816;3.393213573;0.399201597;0;0.199600798;0.399201597;0;0.199600798;0.199203187
198;105.5;7049;62.23091977;0;34.83365949;2.544031311;0;0;0;0;0.195694716;0;0.583657588
199;106;7085;65.33864542;0;32.07171315;2.19123506;0;0;0;0;0;0.398406375;0.594059406
200;106.5;7121;62.37623762;0;35.64356436;1.584158416;0;0;0.198019802;0;0;0.198019802;0.394477318
201;107;7155;57.6;0;35.8;5.2;0.4;0;0.6;0.4;0;0;0
202;107.5;7192;58.56573705;0;37.05179283;3.585657371;0.398406375;0;0.199203187;0;0;0;0.790513834
203;108;7228;57.96812749;0;37.4501992;3.585657371;0.199203187;0;0.199203187;0.199203187;0;0.398406375;0.198807157
204;108.5;7263;61.35458167;0;36.85258964;1.195219124;0;0;0.398406375;0;0;0;0.198807157
205;109;7301;62.6;0;34.6;2;0.4;0;0.2;0;0;0;0
206;109.5;7340;61.38613861;0;35.64356436;2.376237624;0.396039604;0;0;0;0;0;0.394477318
207;110;7401;63.6;0;30.8;4.4;0.4;0;0.4;0.2;0;0;0
208;110.5;7462.5;60.82677165;0;36.81102362;1.377952756;0.196850394;0;0;0.393700787;0.196850394;0;0.974658869
209;111;7517;58.76494024;0;37.4501992;2.988047809;0;0;0.199203187;0;0;0.199203187;0
210;111.5;7572;61.53846154;0;34.71400394;2.761341223;0.591715976;0;0;0;0;0.197238659;0.782778865
211;112;7627;62.64822134;0;34.38735178;1.581027668;0.197628458;0;0.395256917;0.395256917;0;0.395256917;0.393700787
212;112.5;7678;62.22664016;0;35.38767396;2.186878728;0;0;0;0;0;0;0.396039604
213;113;7728;63.22067594;0;34.59244533;1.590457256;0;0;0.198807157;0.198807157;0;0.198807157;0.396039604
214;113.5;7782;61.43141153;0;35.38767396;2.385685885;0.198807157;0;0.397614314;0;0;0.198807157;0.788954635
215;114;7836;64.47105788;0;33.13373253;1.397205589;0.199600798;0;0.598802395;0;0.199600798;0;0.199203187
216;114.5;7889;63.87225549;0;32.93413174;2.195608782;0.199600798;0;0.199600798;0.199600798;0.199600798;0.199600798;0.199203187
217;115;7940.5;63.61829026;0;30.81510934;3.777335984;0.596421471;0;0.596421471;0;0;0.397614314;0.592885375
218;115.5;7990;64.42687747;0;31.81818182;2.173913043;0.395256917;0;0.197628458;0.395256917;0;0;0.393700787
219;116;8042.5;63.4;0;33;3;0;0;0.2;0.4;0;0;0.596421471
220;116.5;8095;62.00787402;0;33.46456693;2.559055118;0.196850394;0;0.787401575;0.393700787;0.196850394;0.196850394;0.587084149
221;117;8150.5;64.34262948;0;32.66932271;1.792828685;0.398406375;0;0;0.597609562;0;0.199203187;0.198807157
222;117.8;8205;60.23622047;0;37.20472441;1.968503937;0.196850394;0;0;0.393700787;0;0;0.974658869
223;118;8256.5;60.15936255;0;37.25099602;1.593625498;0.398406375;0;0;0.398406375;0;0.199203187;0.396825397
224;118.5;8310;64.18786693;0;34.05088063;1.174168297;0.195694716;0;0;0.195694716;0;0.195694716;0.389863548
225;119;8362.5;61.07784431;0;34.13173653;2.195608782;0.998003992;0;0.199600798;0.798403194;0.399201597;0.199600798;0
226;119.5;8420;61.4481409;0;35.61643836;1.174168297;0.978473581;0;0;0.195694716;0;0.195694716;0.1953125
227;120;8473;62.27897839;0;33.59528487;1.768172888;0.785854617;0;0.196463654;0.982318271;0.196463654;0;0.391389432
228;120.5;8522;60.15779093;0;36.48915187;1.775147929;0.197238659;0;0.197238659;0.591715976;0.197238659;0;0.196850394
229;121;8572;56.88622754;0;38.92215569;1.397205589;0.798403194;0;0;1.19760479;0.199600798;0.199600798;0.792079208
230;121.5;8624;58.1027668;0;38.73517787;1.976284585;0.395256917;0;0;0.592885375;0;0;0.978473581
231;122;8674;57.94392523;0;37.75700935;2.056074766;0.186915888;0;0;0.560747664;0;0.560747664;0.372439479
232;122.5;8730.5;52.10727969;0;44.44444444;1.724137931;0.191570881;0.191570881;0;0.957854406;0;0;0.571428571
233;123;8786;49.40239044;0;47.41035857;1.394422311;0.398406375;0.199203187;0;0.597609562;0;0.398406375;0.396825397
234;123.5;8837;52.65151515;0;44.88636364;1.515151515;0.189393939;0;0;0.189393939;0;0;0.564971751
235;124;8885;39.52095808;0;57.08582834;1.796407186;0;0.798403194;0.199600798;0.199600798;0;0;0.792079208
236;124.5;8939;35.26011561;0;62.04238921;1.156069364;0;0;0.578034682;0.385356455;0;0.192678227;0.383877159
237;125;8989.5;27.54491018;0;69.06187625;1.796407186;0.199600798;0.199600798;0.199600798;0.598802395;0.199600798;0.199600798;0.595238095
238;125.5;9046;33.08550186;0;64.49814126;1.115241636;0.185873606;0;0.371747212;0;0;0.185873606;0.554528651
